
 BMD_flag 	 1 
 Nosb 	4 
 nparm 	6
  Con_lev 	0.95 
  RiskType 	0 
  Effect 	0.1 
 alpha 	 0.162
 beta 	 0.00652
 theta1 	 0.0064
 theta2 	 -0.000388
 rho 	     1
 fixedSize 	0.000000 

 Data
 0.000000 0.140496 0.101003 0.191444
 25.000000 0.310345 0.232663 0.399773
 50.000000 0.385965 0.341562 0.432300
 100.000000 0.533333 0.463008 0.602402
 Max_Min_dose 
  100.000000 0.000000 


 BMDL_comput_ind 1
  RSL 	0.234704
  BMD 	16.169856
  BMDL 	8.084928

 BMD_line
 -1.000000 0.234704
 16.169856 0.234704
 16.169856 -0.100000

 BMDL_line
 8.084928 -0.100000
 8.084928 0.234704

 BMDL_Curve_flag 	 0  
 smooth_opt  0

 BMDL_curve
 0.00000 0.149671
 8.084928 0.234704
 -1.000000 -0.700657
 -1.000000 -0.700657
 -1.000000 -0.700657
 -1.000000 -0.700657

 Check_result 1